0 0.75 0.75 0
1 0.98 0.98 0
2 0.99 0.99 0
3 0.99 0.99 0
4 1 1 0
5 1 1 0
6 1 1 0
7 1 1 0
8 1 1 0
9 1 1 0
10 1 1 0.3
11 1 1 0.7
12 1 1 0.95
13 1 1 1
14 1 1 1
15 1 0.99 1
16 1 0.99 1
17 1 0.99 1
18 1 0.99 1
19 1 0.99 1
20 1 0.99 1
21 1 0.98 1
22 1 0.98 1
23 1 0.98 1
24 1 0.98 1
25 1 0.97 0.99
26 1 0.97 0.99
27 1 0.97 0.98
28 1 0.97 0.98
29 1 0.97 0.96
30 0.999 0.96 0.94
31 0.999 0.96 0.92
32 0.999 0.96 0.9
33 0.999 0.96 0.85
34 0.999 0.96 0.8
35 0.999 0.95 0.75
36 0.999 0.95 0.7
37 0.999 0.95 0.65
38 0.999 0.94 0.6
39 0.999 0.94 0.55
40 0.995 0.93 0.5
41 0.995 0.92 0.45
42 0.995 0.91 0.35
43 0.995 0.9 0.3
44 0.995 0.88 0.25
45 0.99 0.85 0.2
46 0.99 0.8 0.15
47 0.99 0.75 0.1
48 0.99 0.7 0.05
49 0.99 0.65 0
50 0.98 0.6 0
51 0.98 0.55 0
52 0.98 0.5 0
53 0.98 0.4 0
54 0.98 0.3 0
55 0.97 0.2 0
56 0.97 0.1 0
57 0.97 0 0
58 0.97 0 0
59 0.97 0 0
60 0.96 0 0
61 0.96 0 0
62 0.96 0 0
63 0.96 0 0
64 0.96 0 0
65 0.95 0 0
66 0.95 0 0
67 0.95 0 0
68 0.95 0 0
69 0.95 0 0
70 0.94 0 0
71 0.94 0 0
72 0.94 0 0
73 0.94 0 0
74 0.94 0 0
75 0.93 0 0
76 0.93 0 0
77 0.92 0 0
78 0.91 0 0
79 0.9 0 0
80 0.89 0 0
81 0.85 0 0
82 0.8 0 0
83 0.75 0 0
84 0.7 0 0
85 0.6 0 0
86 0.5 0 0
87 0.4 0 0
88 0.3 0 0
89 0.2 0 0
90 0 0 0
