"Steller Sea Lions"
5
60 170 200 230 290      
51 51 51 51 51
"Season 1: Spring"
-134.9133333 58.56166667 0.029512735 0.029512735 0.024593945 0.024593945 0.024593945 0.024593945 0.05 2 25
-135.3416667 56.71166667 0.045516487 0.045516487 0.037930406 0.037930406 0.037930406 0.037930406 0.05 2 25
-135.613181 58.324929 0.000597015 0.000597015 0.000497512 0.000497512 0.000497512 0.000497512 0.05 2 25
-133.8216667 55.43833333 0.049550693 0.049550693 0.041292244 0.041292244 0.041292244 0.041292244 0.05 2 25
-133.6166667 55.23 0.002775293 0.002775293 0.002312745 0.002312745 0.002312745 0.002312745 0.05 2 25
-136.5683333 57.91166667 0.031455935 0.031455935 0.026213279 0.026213279 0.026213279 0.026213279 0.05 2 25
-137.9383333 58.79166667 0.016130246 0.016130246 0.013441872 0.013441872 0.013441872 0.013441872 0.05 2 25
-134.705 56.175 0.028506883 0.028506883 0.023755736 0.023755736 0.023755736 0.023755736 0.05 2 25
-136.2483333 58.75333333 0.002961759 0.002961759 0.002468133 0.002468133 0.002468133 0.002468133 0.05 2 25
-134.08 58.125 0.003352252 0.003352252 0.002793543 0.002793543 0.002793543 0.002793543 0.05 2 25
-134.2833333 55.92833333 3.29084E-05 3.29084E-05 2.74237E-05 2.74237E-05 2.74237E-05 2.74237E-05 0.05 2 25
-132.0883333 55.895 0.004873866 0.004873866 0.004061555 0.004061555 0.004061555 0.004061555 0.05 2 25
-133.55 54.84666667 0.000138164 0.000138164 0.000115136 0.000115136 0.000115136 0.000115136 0.05 2 25
-133.5266667 54.83833333 0 0 0 0 0 0 0.05 2 25
-133.5366667 54.86166667 0.000960874 0.000960874 0.000800729 0.000800729 0.000800729 0.000800729 0.05 2 25
-133.5616667 54.87333333 0.000650861 0.000650861 0.000542384 0.000542384 0.000542384 0.000542384 0.05 2 25
-133.535 54.84333333 0.021867465 0.021867465 0.018222888 0.018222888 0.018222888 0.018222888 0.05 2 25
-136.41853 58.19276 0.000597015 0.000597015 0.000497512 0.000497512 0.000497512 0.000497512 0.05 2 25
-135.24 59.13333333 0.006375632 0.006375632 0.005313027 0.005313027 0.005313027 0.005313027 0.05 2 25
-136.7566667 58.23833333 0.015696073 0.015696073 0.013080061 0.013080061 0.013080061 0.013080061 0.05 2 25
-132.1083333 55.44 0.016369422 0.016369422 0.013641185 0.013641185 0.013641185 0.013641185 0.05 2 25
-137.6366667 58.605 0.002440717 0.002440717 0.002033931 0.002033931 0.002033931 0.002033931 0.05 2 25
-134.5666667 55.86666667 0.023327459 0.023327459 0.019439549 0.019439549 0.019439549 0.019439549 0.05 2 25
-132.7866667 56.845 0.005048096 0.005048096 0.004206747 0.004206747 0.004206747 0.004206747 0.05 2 25
-136.4 58.27166667 0.009300074 0.009300074 0.007750061 0.007750061 0.007750061 0.007750061 0.05 2 25
-135.4966667 56.78833333 0.006034053 0.006034053 0.005028377 0.005028377 0.005028377 0.005028377 0.05 2 25
-135.5633333 56.83333333 0.044507403 0.044507403 0.037089503 0.037089503 0.037089503 0.037089503 0.05 2 25
-135.05 58.53 0.000597015 0.000597015 0.000497512 0.000497512 0.000497512 0.000497512 0.05 2 25
-135.1666667 58.93333333 0.011715403 0.011715403 0.009762836 0.009762836 0.009762836 0.009762836 0.05 2 25
-136.38777 58.25111 0.000597015 0.000597015 0.000497512 0.000497512 0.000497512 0.000497512 0.05 2 25
-132.6383333 55.15333333 0.001380339 0.001380339 0.001150282 0.001150282 0.001150282 0.001150282 0.05 2 25
-133.6416667 57.60666667 0.018417618 0.018417618 0.015348015 0.015348015 0.015348015 0.015348015 0.05 2 25
-134.8066667 57.31 0.005582458 0.005582458 0.004652048 0.004652048 0.004652048 0.004652048 0.05 2 25
-132.285 54.71 0.016322584 0.016322584 0.013602153 0.013602153 0.013602153 0.013602153 0.05 2 25
-133.935 57.26 0.000190661 0.000190661 0.000158885 0.000158885 0.000158885 0.000158885 0.05 2 25
-133.7216667 57.35166667 0.005337178 0.005337178 0.004447648 0.004447648 0.004447648 0.004447648 0.05 2 25
-135.8833333 57.28333333 0.015393062 0.015393062 0.012827551 0.012827551 0.012827551 0.012827551 0.05 2 25
-134.8316667 56.25166667 0.000592352 0.000592352 0.000493627 0.000493627 0.000493627 0.000493627 0.05 2 25
-140.65 59.70833333 0.01072815 0.01072815 0.008940125 0.008940125 0.008940125 0.008940125 0.05 2 25
-136.0466667 58.645 0.006120969 0.006120969 0.005100807 0.005100807 0.005100807 0.005100807 0.05 2 25
-133.5866667 57.5 0.001283429 0.001283429 0.001069524 0.001069524 0.001069524 0.001069524 0.05 2 25
-136.91237 58.94105 0.000597015 0.000597015 0.000497512 0.000497512 0.000497512 0.000497512 0.05 2 25
-135.0716667 57.775 0.000637801 0.000637801 0.000531501 0.000531501 0.000531501 0.000531501 0.05 2 25
-133.873 57.27166667 0.008292926 0.008292926 0.006910771 0.006910771 0.006910771 0.006910771 0.05 2 25
-133.833 57.3 0.02310186 0.02310186 0.01925155 0.01925155 0.01925155 0.01925155 0.05 2 25
-133.795 55.69666667 0.042927706 0.042927706 0.035773088 0.035773088 0.035773088 0.035773088 0.05 2 25
-133.9716667 57.13 0.006648328 0.006648328 0.005540273 0.005540273 0.005540273 0.005540273 0.05 2 25
-131.495 54.81333333 0.021982835 0.021982835 0.018319029 0.018319029 0.018319029 0.018319029 0.05 2 25
-136.2566667 57.635 0.028162451 0.028162451 0.023468709 0.023468709 0.023468709 0.023468709 0.05 2 25
-133.4866667 55.02 7.88765E-05 7.88765E-05 6.57304E-05 6.57304E-05 6.57304E-05 6.57304E-05 0.05 2 25
-134.5583333 56.96333333 0.00473259 0.00473259 0.003943825 0.003943825 0.003943825 0.003943825 0.05 2 25
"Season 2: Early Breeding"
-134.9133333 58.56166667 0 0 0 0 0 0 0.05 2 15
-135.3416667 56.71166667 0.007693339 0.007693339 0.018503722 0.018503722 0.018503722 0 0.05 2 15
-135.613181 58.324929 0 0 0 0 0 0 0.05 2 15
-133.8216667 55.43833333 0 0 0.026123863 0.026123863 0.026123863 0 0.05 2 15
-133.6166667 55.23 0 0 0.002843742 0.002843742 0.002843742 0 0.05 2 15
-136.5683333 57.91166667 0 0 0.000337393 0.000337393 0.000337393 0 0.05 2 15
-137.9383333 58.79166667 0 0 0 0 0 0 0.05 2 15
-134.705 56.175 5.36121E-05 5.36121E-05 0.015195923 0.015195923 0.015195923 0 0.05 2 15
-136.2483333 58.75333333 0 0 0 0 0 0 0.05 2 15
-134.08 58.125 0 0 0 0 0 0 0.05 2 15
-134.2833333 55.92833333 0 0 0.012242548 0.012242548 0.012242548 0 0.05 2 15
-132.0883333 55.895 5.36121E-05 5.36121E-05 0.010376022 0.010376022 0.010376022 0 0.05 2 15
-133.55 54.84666667 0.023642943 0.023642943 0.004535079 0.004535079 0.004535079 0 0.05 2 15
-133.5266667 54.83833333 0 0 0.002891941 0.002891941 0.002891941 0 0.05 2 15
-133.5366667 54.86166667 0.092990216 0.092990216 0.00249491 0.00249491 0.00249491 0 0.05 2 15
-133.5616667 54.87333333 0.065567618 0.065567618 0.008136664 0.008136664 0.008136664 0 0.05 2 15
-133.535 54.84333333 0.03420453 0.03420453 0.003816561 0.003816561 0.003816561 0 0.05 2 15
-136.41853 58.19276 0 0 0 0 0 0 0.05 2 15
-135.24 59.13333333 0 0 0.024967087 0.024967087 0.024967087 0 0.05 2 15
-136.7566667 58.23833333 0.023562525 0.023562525 0.03553129 0.03553129 0.03553129 0 0.05 2 15
-132.1083333 55.44 0 0 0.006362269 0.006362269 0.006362269 0 0.05 2 15
-137.6366667 58.605 0 0 0.009928996 0.009928996 0.009928996 0 0.05 2 15
-134.5666667 55.86666667 0.105937542 0.105937542 0.010053073 0.010053073 0.010053073 0 0.05 2 15
-132.7866667 56.845 0 0 0 0 0 0 0.05 2 15
-136.4 58.27166667 0 0 0.008434827 0.008434827 0.008434827 0 0.05 2 15
-135.4966667 56.78833333 0.000107224 0.000107224 0.010533853 0.010533853 0.010533853 0 0.05 2 15
-135.5633333 56.83333333 0 0 0.000867582 0.000867582 0.000867582 0 0.05 2 15
-135.05 58.53 0 0 0 0 0 0 0.05 2 15
-135.1666667 58.93333333 0 0 0 0 0 0 0.05 2 15
-136.38777 58.25111 0 0 0.003566727 0.003566727 0.003566727 0 0.05 2 15
-132.6383333 55.15333333 0 0 0 0 0 0 0.05 2 15
-133.6416667 57.60666667 0 0 0 0 0 0 0.05 2 15
-134.8066667 57.31 0 0 0 0 0 0 0.05 2 15
-132.285 54.71 0 0 9.6398E-05 9.6398E-05 9.6398E-05 0 0.05 2 15
-133.935 57.26 0 0 0 0 0 0 0.05 2 15
-133.7216667 57.35166667 0 0 0 0 0 0 0.05 2 15
-135.8833333 57.28333333 0 0 0.013061932 0.013061932 0.013061932 0 0.05 2 15
-134.8316667 56.25166667 0 0 0.005446488 0.005446488 0.005446488 0 0.05 2 15
-140.65 59.70833333 0 0 0 0 0 0 0.05 2 15
-136.0466667 58.645 0 0 0.070274156 0.070274156 0.070274156 0 0.05 2 15
-133.5866667 57.5 5.36121E-05 5.36121E-05 0.019244639 0.019244639 0.019244639 0 0.05 2 15
-136.91237 58.94105 0 0 0 0 0 0 0.05 2 15
-135.0716667 57.775 0 0 0 0 0 0 0.05 2 15
-133.873 57.27166667 0.000107224 0.000107224 0.039838851 0.039838851 0.039838851 0 0.05 2 15
-133.833 57.3 0 0 0 0 0 0 0.05 2 15
-133.795 55.69666667 0 0 0.02140036 0.02140036 0.02140036 0 0.05 2 15
-133.9716667 57.13 0 0 0 0 0 0 0.05 2 15
-131.495 54.81333333 8.04182E-05 8.04182E-05 0.034313447 0.034313447 0.034313447 0 0.05 2 15
-136.2566667 57.635 0.045409463 0.045409463 0.045430991 0.045430991 0.045430991 0 0.05 2 15
-133.4866667 55.02 0 0 0.011808757 0.011808757 0.011808757 0 0.05 2 15
-134.5583333 56.96333333 0.000536121 0.000536121 0.02133991 0.02133991 0.02133991 0 0.05 2 15
"Season 3: Late Breeding"
-134.9133333 58.56166667 0 0 0 0 0 0 0.05 2 15
-135.3416667 56.71166667 0.009616673 0.009616673 0.018503722 0.018503722 0.018503722 0.003846669 0.05 2 15
-135.613181 58.324929 0 0 0 0 0 0 0.05 2 15
-133.8216667 55.43833333 0 0 0.026123863 0.026123863 0.026123863 0 0.05 2 15
-133.6166667 55.23 0 0 0.002843742 0.002843742 0.002843742 0 0.05 2 15
-136.5683333 57.91166667 0 0 0.000337393 0.000337393 0.000337393 0 0.05 2 15
-137.9383333 58.79166667 0 0 0 0 0 0 0.05 2 15
-134.705 56.175 6.70151E-05 6.70151E-05 0.015195923 0.015195923 0.015195923 2.68061E-05 0.05 2 15
-136.2483333 58.75333333 0 0 0 0 0 0 0.05 2 15
-134.08 58.125 0 0 0 0 0 0 0.05 2 15
-134.2833333 55.92833333 0 0 0.012242548 0.012242548 0.012242548 0 0.05 2 15
-132.0883333 55.895 6.70151E-05 6.70151E-05 0.010376022 0.010376022 0.010376022 2.68061E-05 0.05 2 15
-133.55 54.84666667 0.029553679 0.029553679 0.004535079 0.004535079 0.004535079 0.011821472 0.05 2 15
-133.5266667 54.83833333 0 0 0.002891941 0.002891941 0.002891941 0 0.05 2 15
-133.5366667 54.86166667 0.11623777 0.11623777 0.00249491 0.00249491 0.00249491 0.046495108 0.05 2 15
-133.5616667 54.87333333 0.081959523 0.081959523 0.008136664 0.008136664 0.008136664 0.032783809 0.05 2 15
-133.535 54.84333333 0.042755663 0.042755663 0.003816561 0.003816561 0.003816561 0.017102265 0.05 2 15
-136.41853 58.19276 0 0 0 0 0 0 0.05 2 15
-135.24 59.13333333 0 0 0.024967087 0.024967087 0.024967087 0 0.05 2 15
-136.7566667 58.23833333 0.029453156 0.029453156 0.03553129 0.03553129 0.03553129 0.011781263 0.05 2 15
-132.1083333 55.44 0 0 0.006362269 0.006362269 0.006362269 0 0.05 2 15
-137.6366667 58.605 0 0 0.009928996 0.009928996 0.009928996 0 0.05 2 15
-134.5666667 55.86666667 0.132421927 0.132421927 0.010053073 0.010053073 0.010053073 0.052968771 0.05 2 15
-132.7866667 56.845 0 0 0 0 0 0 0.05 2 15
-136.4 58.27166667 0 0 0.008434827 0.008434827 0.008434827 0 0.05 2 15
-135.4966667 56.78833333 0.00013403 0.00013403 0.010533853 0.010533853 0.010533853 5.36121E-05 0.05 2 15
-135.5633333 56.83333333 0 0 0.000867582 0.000867582 0.000867582 0 0.05 2 15
-135.05 58.53 0 0 0 0 0 0 0.05 2 15
-135.1666667 58.93333333 0 0 0 0 0 0 0.05 2 15
-136.38777 58.25111 0 0 0.003566727 0.003566727 0.003566727 0 0.05 2 15
-132.6383333 55.15333333 0 0 0 0 0 0 0.05 2 15
-133.6416667 57.60666667 0 0 0 0 0 0 0.05 2 15
-134.8066667 57.31 0 0 0 0 0 0 0.05 2 15
-132.285 54.71 0 0 9.6398E-05 9.6398E-05 9.6398E-05 0 0.05 2 15
-133.935 57.26 0 0 0 0 0 0 0.05 2 15
-133.7216667 57.35166667 0 0 0 0 0 0 0.05 2 15
-135.8833333 57.28333333 0 0 0.013061932 0.013061932 0.013061932 0 0.05 2 15
-134.8316667 56.25166667 0 0 0.005446488 0.005446488 0.005446488 0 0.05 2 15
-140.65 59.70833333 0 0 0 0 0 0 0.05 2 15
-136.0466667 58.645 0 0 0.070274156 0.070274156 0.070274156 0 0.05 2 15
-133.5866667 57.5 6.70151E-05 6.70151E-05 0.019244639 0.019244639 0.019244639 2.68061E-05 0.05 2 15
-136.91237 58.94105 0 0 0 0 0 0 0.05 2 15
-135.0716667 57.775 0 0 0 0 0 0 0.05 2 15
-133.873 57.27166667 0.00013403 0.00013403 0.039838851 0.039838851 0.039838851 5.36121E-05 0.05 2 15
-133.833 57.3 0 0 0 0 0 0 0.05 2 15
-133.795 55.69666667 0 0 0.02140036 0.02140036 0.02140036 0 0.05 2 15
-133.9716667 57.13 0 0 0 0 0 0 0.05 2 15
-131.495 54.81333333 0.000100523 0.000100523 0.034313447 0.034313447 0.034313447 4.02091E-05 0.05 2 15
-136.2566667 57.635 0.056761828 0.056761828 0.045430991 0.045430991 0.045430991 0.022704731 0.05 2 15
-133.4866667 55.02 0 0 0.011808757 0.011808757 0.011808757 0 0.05 2 15
-134.5583333 56.96333333 0.000670151 0.000670151 0.02133991 0.02133991 0.02133991 0.000268061 0.05 2 15
"Season 4: Fall"
-134.9133333 58.56166667 0.029512735 0.029512735 0.024593945 0.024593945 0.024593945 0.019675156 0.05 2 25
-135.3416667 56.71166667 0.045516487 0.045516487 0.037930406 0.037930406 0.037930406 0.030344325 0.05 2 25
-135.613181 58.324929 0.000597015 0.000597015 0.000497512 0.000497512 0.000497512 0.00039801 0.05 2 25
-133.8216667 55.43833333 0.049550693 0.049550693 0.041292244 0.041292244 0.041292244 0.033033795 0.05 2 25
-133.6166667 55.23 0.002775293 0.002775293 0.002312745 0.002312745 0.002312745 0.001850196 0.05 2 25
-136.5683333 57.91166667 0.031455935 0.031455935 0.026213279 0.026213279 0.026213279 0.020970623 0.05 2 25
-137.9383333 58.79166667 0.016130246 0.016130246 0.013441872 0.013441872 0.013441872 0.010753497 0.05 2 25
-134.705 56.175 0.028506883 0.028506883 0.023755736 0.023755736 0.023755736 0.019004589 0.05 2 25
-136.2483333 58.75333333 0.002961759 0.002961759 0.002468133 0.002468133 0.002468133 0.001974506 0.05 2 25
-134.08 58.125 0.003352252 0.003352252 0.002793543 0.002793543 0.002793543 0.002234834 0.05 2 25
-134.2833333 55.92833333 3.29084E-05 3.29084E-05 2.74237E-05 2.74237E-05 2.74237E-05 2.1939E-05 0.05 2 25
-132.0883333 55.895 0.004873866 0.004873866 0.004061555 0.004061555 0.004061555 0.003249244 0.05 2 25
-133.55 54.84666667 0.000138164 0.000138164 0.000115136 0.000115136 0.000115136 9.2109E-05 0.05 2 25
-133.5266667 54.83833333 0 0 0 0 0 0 0.05 2 25
-133.5366667 54.86166667 0.000960874 0.000960874 0.000800729 0.000800729 0.000800729 0.000640583 0.05 2 25
-133.5616667 54.87333333 0.000650861 0.000650861 0.000542384 0.000542384 0.000542384 0.000433907 0.05 2 25
-133.535 54.84333333 0.021867465 0.021867465 0.018222888 0.018222888 0.018222888 0.01457831 0.05 2 25
-136.41853 58.19276 0.000597015 0.000597015 0.000497512 0.000497512 0.000497512 0.00039801 0.05 2 25
-135.24 59.13333333 0.006375632 0.006375632 0.005313027 0.005313027 0.005313027 0.004250421 0.05 2 25
-136.7566667 58.23833333 0.015696073 0.015696073 0.013080061 0.013080061 0.013080061 0.010464049 0.05 2 25
-132.1083333 55.44 0.016369422 0.016369422 0.013641185 0.013641185 0.013641185 0.010912948 0.05 2 25
-137.6366667 58.605 0.002440717 0.002440717 0.002033931 0.002033931 0.002033931 0.001627144 0.05 2 25
-134.5666667 55.86666667 0.023327459 0.023327459 0.019439549 0.019439549 0.019439549 0.015551639 0.05 2 25
-132.7866667 56.845 0.005048096 0.005048096 0.004206747 0.004206747 0.004206747 0.003365398 0.05 2 25
-136.4 58.27166667 0.009300074 0.009300074 0.007750061 0.007750061 0.007750061 0.006200049 0.05 2 25
-135.4966667 56.78833333 0.006034053 0.006034053 0.005028377 0.005028377 0.005028377 0.004022702 0.05 2 25
-135.5633333 56.83333333 0.044507403 0.044507403 0.037089503 0.037089503 0.037089503 0.029671602 0.05 2 25
-135.05 58.53 0.000597015 0.000597015 0.000497512 0.000497512 0.000497512 0.00039801 0.05 2 25
-135.1666667 58.93333333 0.011715403 0.011715403 0.009762836 0.009762836 0.009762836 0.007810269 0.05 2 25
-136.38777 58.25111 0.000597015 0.000597015 0.000497512 0.000497512 0.000497512 0.00039801 0.05 2 25
-132.6383333 55.15333333 0.001380339 0.001380339 0.001150282 0.001150282 0.001150282 0.000920226 0.05 2 25
-133.6416667 57.60666667 0.018417618 0.018417618 0.015348015 0.015348015 0.015348015 0.012278412 0.05 2 25
-134.8066667 57.31 0.005582458 0.005582458 0.004652048 0.004652048 0.004652048 0.003721639 0.05 2 25
-132.285 54.71 0.016322584 0.016322584 0.013602153 0.013602153 0.013602153 0.010881722 0.05 2 25
-133.935 57.26 0.000190661 0.000190661 0.000158885 0.000158885 0.000158885 0.000127108 0.05 2 25
-133.7216667 57.35166667 0.005337178 0.005337178 0.004447648 0.004447648 0.004447648 0.003558118 0.05 2 25
-135.8833333 57.28333333 0.015393062 0.015393062 0.012827551 0.012827551 0.012827551 0.010262041 0.05 2 25
-134.8316667 56.25166667 0.000592352 0.000592352 0.000493627 0.000493627 0.000493627 0.000394901 0.05 2 25
-140.65 59.70833333 0.01072815 0.01072815 0.008940125 0.008940125 0.008940125 0.0071521 0.05 2 25
-136.0466667 58.645 0.006120969 0.006120969 0.005100807 0.005100807 0.005100807 0.004080646 0.05 2 25
-133.5866667 57.5 0.001283429 0.001283429 0.001069524 0.001069524 0.001069524 0.000855619 0.05 2 25
-136.91237 58.94105 0.000597015 0.000597015 0.000497512 0.000497512 0.000497512 0.00039801 0.05 2 25
-135.0716667 57.775 0.000637801 0.000637801 0.000531501 0.000531501 0.000531501 0.000425201 0.05 2 25
-133.873 57.27166667 0.008292926 0.008292926 0.006910771 0.006910771 0.006910771 0.005528617 0.05 2 25
-133.833 57.3 0.02310186 0.02310186 0.01925155 0.01925155 0.01925155 0.01540124 0.05 2 25
-133.795 55.69666667 0.042927706 0.042927706 0.035773088 0.035773088 0.035773088 0.02861847 0.05 2 25
-133.9716667 57.13 0.006648328 0.006648328 0.005540273 0.005540273 0.005540273 0.004432219 0.05 2 25
-131.495 54.81333333 0.021982835 0.021982835 0.018319029 0.018319029 0.018319029 0.014655223 0.05 2 25
-136.2566667 57.635 0.028162451 0.028162451 0.023468709 0.023468709 0.023468709 0.018774968 0.05 2 25
-133.4866667 55.02 7.88765E-05 7.88765E-05 6.57304E-05 6.57304E-05 6.57304E-05 5.25843E-05 0.05 2 25
-134.5583333 56.96333333 0.00473259 0.00473259 0.003943825 0.003943825 0.003943825 0.00315506 0.05 2 25
"Season 5: Winter"
-134.9133333 58.56166667 0.034431524 0.034431524 0.024593945 0.024593945 0.024593945 0.019675156 0.05 2 25
-135.3416667 56.71166667 0.053102568 0.053102568 0.037930406 0.037930406 0.037930406 0.030344325 0.05 2 25
-135.613181 58.324929 0.000696517 0.000696517 0.000497512 0.000497512 0.000497512 0.00039801 0.05 2 25
-133.8216667 55.43833333 0.057809141 0.057809141 0.041292244 0.041292244 0.041292244 0.033033795 0.05 2 25
-133.6166667 55.23 0.003237842 0.003237842 0.002312745 0.002312745 0.002312745 0.001850196 0.05 2 25
-136.5683333 57.91166667 0.03669859 0.03669859 0.026213279 0.026213279 0.026213279 0.020970623 0.05 2 25
-137.9383333 58.79166667 0.01881862 0.01881862 0.013441872 0.013441872 0.013441872 0.010753497 0.05 2 25
-134.705 56.175 0.03325803 0.03325803 0.023755736 0.023755736 0.023755736 0.019004589 0.05 2 25
-136.2483333 58.75333333 0.003455386 0.003455386 0.002468133 0.002468133 0.002468133 0.001974506 0.05 2 25
-134.08 58.125 0.00391096 0.00391096 0.002793543 0.002793543 0.002793543 0.002234834 0.05 2 25
-134.2833333 55.92833333 3.83932E-05 3.83932E-05 2.74237E-05 2.74237E-05 2.74237E-05 2.1939E-05 0.05 2 25
-132.0883333 55.895 0.005686177 0.005686177 0.004061555 0.004061555 0.004061555 0.003249244 0.05 2 25
-133.55 54.84666667 0.000161191 0.000161191 0.000115136 0.000115136 0.000115136 9.2109E-05 0.05 2 25
-133.5266667 54.83833333 0 0 0 0 0 0 0.05 2 25
-133.5366667 54.86166667 0.00112102 0.00112102 0.000800729 0.000800729 0.000800729 0.000640583 0.05 2 25
-133.5616667 54.87333333 0.000759338 0.000759338 0.000542384 0.000542384 0.000542384 0.000433907 0.05 2 25
-133.535 54.84333333 0.025512043 0.025512043 0.018222888 0.018222888 0.018222888 0.01457831 0.05 2 25
-136.41853 58.19276 0.000696517 0.000696517 0.000497512 0.000497512 0.000497512 0.00039801 0.05 2 25
-135.24 59.13333333 0.007438237 0.007438237 0.005313027 0.005313027 0.005313027 0.004250421 0.05 2 25
-136.7566667 58.23833333 0.018312085 0.018312085 0.013080061 0.013080061 0.013080061 0.010464049 0.05 2 25
-132.1083333 55.44 0.01909766 0.01909766 0.013641185 0.013641185 0.013641185 0.010912948 0.05 2 25
-137.6366667 58.605 0.002847503 0.002847503 0.002033931 0.002033931 0.002033931 0.001627144 0.05 2 25
-134.5666667 55.86666667 0.027215368 0.027215368 0.019439549 0.019439549 0.019439549 0.015551639 0.05 2 25
-132.7866667 56.845 0.005889446 0.005889446 0.004206747 0.004206747 0.004206747 0.003365398 0.05 2 25
-136.4 58.27166667 0.010850086 0.010850086 0.007750061 0.007750061 0.007750061 0.006200049 0.05 2 25
-135.4966667 56.78833333 0.007039728 0.007039728 0.005028377 0.005028377 0.005028377 0.004022702 0.05 2 25
-135.5633333 56.83333333 0.051925304 0.051925304 0.037089503 0.037089503 0.037089503 0.029671602 0.05 2 25
-135.05 58.53 0.000696517 0.000696517 0.000497512 0.000497512 0.000497512 0.00039801 0.05 2 25
-135.1666667 58.93333333 0.01366797 0.01366797 0.009762836 0.009762836 0.009762836 0.007810269 0.05 2 25
-136.38777 58.25111 0.000696517 0.000696517 0.000497512 0.000497512 0.000497512 0.00039801 0.05 2 25
-132.6383333 55.15333333 0.001610395 0.001610395 0.001150282 0.001150282 0.001150282 0.000920226 0.05 2 25
-133.6416667 57.60666667 0.021487221 0.021487221 0.015348015 0.015348015 0.015348015 0.012278412 0.05 2 25
-134.8066667 57.31 0.006512868 0.006512868 0.004652048 0.004652048 0.004652048 0.003721639 0.05 2 25
-132.285 54.71 0.019043014 0.019043014 0.013602153 0.013602153 0.013602153 0.010881722 0.05 2 25
-133.935 57.26 0.000222438 0.000222438 0.000158885 0.000158885 0.000158885 0.000127108 0.05 2 25
-133.7216667 57.35166667 0.006226707 0.006226707 0.004447648 0.004447648 0.004447648 0.003558118 0.05 2 25
-135.8833333 57.28333333 0.017958572 0.017958572 0.012827551 0.012827551 0.012827551 0.010262041 0.05 2 25
-134.8316667 56.25166667 0.000691077 0.000691077 0.000493627 0.000493627 0.000493627 0.000394901 0.05 2 25
-140.65 59.70833333 0.012516175 0.012516175 0.008940125 0.008940125 0.008940125 0.0071521 0.05 2 25
-136.0466667 58.645 0.00714113 0.00714113 0.005100807 0.005100807 0.005100807 0.004080646 0.05 2 25
-133.5866667 57.5 0.001497334 0.001497334 0.001069524 0.001069524 0.001069524 0.000855619 0.05 2 25
-136.91237 58.94105 0.000696517 0.000696517 0.000497512 0.000497512 0.000497512 0.00039801 0.05 2 25
-135.0716667 57.775 0.000744101 0.000744101 0.000531501 0.000531501 0.000531501 0.000425201 0.05 2 25
-133.873 57.27166667 0.00967508 0.00967508 0.006910771 0.006910771 0.006910771 0.005528617 0.05 2 25
-133.833 57.3 0.02695217 0.02695217 0.01925155 0.01925155 0.01925155 0.01540124 0.05 2 25
-133.795 55.69666667 0.050082323 0.050082323 0.035773088 0.035773088 0.035773088 0.02861847 0.05 2 25
-133.9716667 57.13 0.007756383 0.007756383 0.005540273 0.005540273 0.005540273 0.004432219 0.05 2 25
-131.495 54.81333333 0.02564664 0.02564664 0.018319029 0.018319029 0.018319029 0.014655223 0.05 2 25
-136.2566667 57.635 0.032856193 0.032856193 0.023468709 0.023468709 0.023468709 0.018774968 0.05 2 25
-133.4866667 55.02 9.20226E-05 9.20226E-05 6.57304E-05 6.57304E-05 6.57304E-05 5.25843E-05 0.05 2 25
-134.5583333 56.96333333 0.005521356 0.005521356 0.003943825 0.003943825 0.003943825 0.00315506 0.05 2 25
